[gateimg.jpg]
filters=finetune2=1,0.175439,0.140351,0.199298,00000000,0.286550;Border=1,32.163742,0.000000,0.000000,00000000,00ffffff,0.000000;
moddate=61df21f1ec83d901
width=4096
height=900
textactive=0
